analisando original
analisando nova_2001_2020
analisando nova_2001_2025
         dados bioma   n  r2_rkf  ic_inf  ic_sup  rmse  mae  gap_pp  r2_groupkfold  r2_timeseries  queda_max_pp  shapiro_W  shapiro_p  ljungbox_p  acf1  cauda_esq_pct  yrand_r2_perm_medio  yrand_delta_pp  yrand_p
      original    MA 240   62.41   35.09   81.22  9.89 7.10   10.26          61.82          46.96         15.45       0.86       0.00        0.12  0.16           2.08                -4.11           66.52     0.01
      original    CE 240   95.75   92.99   97.57  7.42 5.98    1.04          95.63          95.13          0.62       0.99       0.54        0.06  0.16           3.75                -3.88           99.63     0.01
      original    CA 240   94.00   90.03   96.52  6.70 5.05    1.37          93.53          90.12          3.88       0.98       0.00        0.00  0.35           2.92                -4.71           98.71     0.01
nova_2001_2020    MA 240   72.88   58.48   84.69  8.03 6.23    5.59          72.83          59.47         13.41       0.99       0.25        0.00  0.30           3.75                -4.18           77.06     0.01
nova_2001_2020    CE 240   96.34   94.47   97.68  6.89 5.59    0.77          96.00          95.68          0.66       0.99       0.11        0.09  0.19           3.75                -3.79          100.12     0.01
nova_2001_2020    CA 240   94.16   89.88   96.97  6.59 5.02    1.31          93.34          91.88          2.28       0.98       0.00        0.00  0.38           2.50                -4.96           99.12     0.01
nova_2001_2025    MA 297   70.91   56.56   80.21  8.38 6.58    5.05          70.55          63.92          7.00       1.00       0.62        0.00  0.30           3.03                -3.82           74.73     0.01
nova_2001_2025    CE 297   96.66   95.40   97.71  6.74 5.43    0.59          96.39          95.68          0.98       0.99       0.26        0.01  0.20           3.37                -2.78           99.44     0.01
nova_2001_2025    CA 297   94.16   90.79   96.25  6.69 5.08    1.03          93.81          91.28          2.88       0.98       0.00        0.00  0.42           3.03                -3.54           97.70     0.01
